0 0.1298790296875 0.8123041593749999 0.20799106093750003 0.766036871875 0.215281484375 0.7105161296875 0.20382507031250002 0.6642488421875 0.197576121875 0.6253843484375 0.1767462484375 0.6161308921875001 0.1465429140625 0.6327870718749999 0.10696611874999999 0.5939227203125 0.0569744671875 0.6124296359375 0.0340615578125 0.5976239765625 0 0.6092592609375 0.0007337890625000001 0.8493179890624999 0.07363835156250001 0.8234082812500001 0.1298790296875 0.8123041593749999
0 0.170497221875 0.5569088921875001 0.251733765625 0.5458046296875 0.254858278125 0.5624608109375 0.31109887812500003 0.560610146875 0.3308872734375 0.5198949203125001 0.2600657484375 0.47917969375 0.19965907968750002 0.47917969375 0.1559163734375 0.5143428609375 0.11738105624999999 0.49213454843750004 0.09661455937499999 0.525925928125 0.1100906328125 0.529148378125 0.11425662343750001 0.558759484375 0.170497221875 0.5569088921875001
0 0.22777937812500001 0.3107667984375 0.1455014359375 0.30891606562499996 0.09661455937499999 0.32916666875 0.09446822656250001 0.3292737140625 0.175704690625 0.34407923125 0.22777937812500001 0.3107667984375
0 0.1819537171875 0.36073548125 0.138281225 0.37777777968750004 0.1611238421875 0.38849585468750003 0.18403667343750002 0.3773916640625 0.1819537171875 0.36073548125
0 0.29026900312500004 0.3977493125 0.30901592031249997 0.375541 0.254858278125 0.36628754375 0.19947914375 0.38703703906250003 0.15695785 0.41070409531249996 0.196534565625 0.4051520359375 0.29026900312500004 0.3977493125
0 0.4350366484375 0.3810930609375 0.39739580937499996 0.3986111125 0.4902358484375 0.4051520359375 0.492318803125 0.38849585468750003 0.4350366484375 0.3810930609375
0 0.5954267 0.42921101093749997 0.567968725 0.45416666875 0.6204225671875 0.4625235140625 0.630837503125 0.44031520156250004 0.5954267 0.42921101093749997
0 0.648542865625 0.4828810921875 0.6204225671875 0.4828810921875 0.60572914375 0.5189814828125 0.659999359375 0.5198949203125001 0.6735388109375 0.5087908 0.648542865625 0.4828810921875
0 0.8828789562500001 0.6327870718749999 0.9964018703124999 0.7142176671875 0.9953603125000001 0.52359631875 0.8755885328125 0.5124921265625 0.8361978921875 0.5629629656249999 0.8318458265625001 0.57171426875 0.8828789562500001 0.6050267 0.8828789562500001 0.6327870718749999
0 0.8672565515624999 0.425509684375 0.803645809375 0.44722222343749995 0.8943354515624999 0.47917969375 0.9255802640624999 0.4569713828125 0.8672565515624999 0.425509684375
0 0.8776714890624999 0.50138800625 0.8735055765625 0.473627634375 0.7919270593750001 0.444907409375 0.7318623640624999 0.49953734375 0.7391527890625 0.52359631875 0.8058084828125001 0.5939227203125 0.8776714890624999 0.50138800625
0 0.693327128125 0.2682009078125 0.6356770593750001 0.25509259375000004 0.6506258218750001 0.2885584875 0.6797876781250001 0.29966260624999996 0.7339453203125 0.294110546875 0.693327128125 0.2682009078125
0 0.3579660953125 0.27375296875 0.31536455937499996 0.2944444453125 0.34650968125000003 0.3070654015625 0.3787959703125 0.3070654015625 0.3912939421875 0.294110546875 0.3579660953125 0.27375296875