0 0.280895621875 0.982567859375 0.2819371 0.9233456484375001 0.30484993125000004 0.8696755671874999 0.272563640625 0.84006453125 0.20382507031250002 0.8326617374999999 0.2163229625 0.79379724375 0.19341013125 0.7456792937500001 0.14862587031250002 0.7604849546875 0.1257130390625 0.7419780390625 0.036144593749999995 0.7586341484375 0.026771134375 0.803050703125 0.0059412578125 0.790095846875 0.0038582234375000002 0.99552264375 0.23506988281250002 0.9918213171874999 0.280895621875 0.982567859375
0 0.1507089046875 0.52359631875 0.0705138390625 0.521745584375 0.026302059375 0.5560185203125 0.0871777234375 0.56986360625 0.14966734843750001 0.5421032328125001 0.1507089046875 0.52359631875
0 0.0965511828125 0.4717769703125 0.0694723609375 0.4606727796875 0.0434350171875 0.49028388593749994 0.0093749765625 0.495833334375 0.0611403796875 0.5087908 0.1048831640625 0.49213454843750004 0.0965511828125 0.4717769703125
0 0.21736444062500002 0.4884331515625 0.1663313109375 0.5161935234375 0.1673727875 0.5421032328125001 0.21111549375 0.5421032328125001 0.25277524375 0.49953734375 0.21736444062500002 0.4884331515625
0 0.1663313109375 0.39034651875000004 0.0913437140625 0.3773916640625 0.013281226562500002 0.382407409375 0.028854089062499998 0.418106890625 0.0955097046875 0.42180828750000005 0.1663313109375 0.39034651875000004
0 0.3267212828125 0.3274229796875 0.29322914375 0.3500000015625 0.3475511578125 0.3773916640625 0.3777544921875 0.3403778328125 0.3267212828125 0.3274229796875
0 0.5162731921875 0.5180442578125 0.44232715312500004 0.5124921265625 0.3882812265625 0.5560185203125 0.4579495578125 0.5661623484375 0.5339785546875 0.5347004390625 0.5162731921875 0.5180442578125
0 0.7547751953125 0.65684611875 0.722488984375 0.63648846875 0.6708333093750001 0.657870371875 0.706866578125 0.6920092140625 0.753733796875 0.6735022984375 0.7547751953125 0.65684611875
0 0.871422621875 0.8696755671874999 0.871422621875 0.8271097468749999 0.8599661265625 0.8012000390624999 0.826638359375 0.7956479796875 0.8023437250000001 0.7805555562500001 0.7610242203124999 0.806752240625 0.7631071765625 0.8585714453125 0.8068498828124999 0.88448115625 0.871422621875 0.8696755671874999
0 0.7766466265624999 0.30891606562499996 0.725613496875 0.29596128125 0.67994789375 0.29212963125 0.7110324890624999 0.3274229796875 0.7360284359375 0.3496312921875 0.816223421875 0.34592989375 0.7766466265624999 0.30891606562499996
0 0.9641155015624999 0.83636320625 0.999526225 0.8622729140625 0.998958309375 0.6486111125 0.9620325453125 0.6642488421875 0.95265900625 0.7179189218750001 0.9516176078124999 0.7826931234375001 0.9641155015624999 0.83636320625
0 0.18507815 0.2441418640625 0.14348955937500002 0.24814815 0.121547046875 0.270051571875 0.17466321406250002 0.262648778125 0.18507815 0.2441418640625