0 0.3808790046875 0.6531447203125 0.4037918359375 0.65684611875 0.4433686296875 0.63463780625 0.4433686296875 0.6124296359375 0.4204557203125 0.58837051875 0.37567153750000004 0.58837051875 0.3100573984375 0.61798155625 0.272563640625 0.6124296359375 0.23463539375 0.650925928125 0.2819371 0.66054744375 0.3423436890625 0.6679503812500001 0.3808790046875 0.6531447203125
0 0.254858278125 0.49953734375 0.29443499375000004 0.48473175468749996 0.28714456875 0.4569713828125 0.24965081093750002 0.44586726250000003 0.204866546875 0.44771792499999996 0.16302080937500002 0.47962963125 0.20799106093750003 0.5050894031250001 0.24027735 0.4939852125 0.254858278125 0.49953734375
0 0.7193644703125 0.9918213171874999 0.6787462796875 0.89928674375 0.6110491062500001 0.84006453125 0.4673229375 0.8382138687499999 0.35692461875000003 0.8715263703125 0.272563640625 0.9233456484375001 0.21640622656250003 0.9842592609375 0.21840599843750003 0.9899705125 0.6870781015625 0.99367198125 0.7193644703125 0.9918213171874999
0 0.9370366000000001 0.6272350125 0.89016938125 0.6050267 0.8505927453125001 0.603176178125 0.7958333093750001 0.6069444453124999 0.8224722890624999 0.6438912640625001 0.8891279828125 0.6531447203125 0.9370366000000001 0.6272350125
0 0.887045028125 0.52359631875 0.8985013625 0.5124921265625 0.8391362515624999 0.47917969375 0.7808125390625 0.4717769703125 0.7450520593750001 0.5004629656249999 0.7818540953124999 0.5087908 0.8474682328125 0.5309990421874999 0.887045028125 0.52359631875
0 0.881837559375 0.44586726250000003 0.90058431875 0.427360346875 0.845385278125 0.4014506390625 0.793310590625 0.38849585468750003 0.7528645593750001 0.41712963125 0.7797711406250001 0.43106174375000006 0.816223421875 0.442165865625 0.881837559375 0.44586726250000003
0 0.7318623640624999 0.3052147390625 0.6922855703125 0.30891606562499996 0.7287378515625 0.32187091875 0.7683146453125 0.32002025624999997 0.7318623640624999 0.3052147390625
0 0.6860367046875 0.2644995125 0.6610407578124999 0.245992596875 0.574596825 0.23488840625 0.53932289375 0.24120370625 0.5735553484375 0.2552460546875 0.6193810078124999 0.2644995125 0.6860367046875 0.2644995125
0 0.40899930468749995 0.2441418640625 0.3882812265625 0.257407409375 0.4204557203125 0.2644995125 0.45065905468749995 0.2533953203125 0.40899930468749995 0.2441418640625
0 0.5506424375 0.5402525687499999 0.513281225 0.56064815 0.5412690578125 0.582818459375 0.5818872500000001 0.5680129421875 0.5506424375 0.5402525687499999
0 0.5735553484375 0.18862115468750001 0.5339785546875 0.170114240625 0.49244789375 0.18101852031250001 0.49440183906249996 0.18862115468750001 0.55897441875 0.1960239140625 0.5735553484375 0.18862115468750001