0 0.4079578265625 0.553207353125 0.41524825156249995 0.5087908 0.37983752656249997 0.50138800625 0.301725496875 0.5050894031250001 0.24027735 0.5069400671875 0.1954165265625 0.549089059375 0.22777937812500001 0.5643115437499999 0.234028403125 0.6013253734374999 0.26943912812500004 0.6050267 0.3787959703125 0.5902211828125 0.43295369375000003 0.5550580875 0.4079578265625 0.553207353125
0 0.4641985046875 0.72162031875 0.4808623890625 0.7012626703125 0.5412690578125 0.7197695859375 0.5527254734375 0.6735022984375 0.523563615625 0.6457419265625 0.4131652953125 0.62168309375 0.37567153750000004 0.65684611875 0.3454682015625 0.7123668624999999 0.38192048437500004 0.72162031875 0.4256631890625 0.7142176671875 0.4641985046875 0.72162031875
0 0.6402108828124999 0.973314403125 0.6704142984375 0.9770157296875001 0.6704142984375 0.9233456484375001 0.6849951453124999 0.89928674375 0.645418353125 0.84006453125 0.5995926921875 0.8437659999999999 0.56276039375 0.8777777796875 0.5714723125 0.9251963109375 0.622505521875 0.94555403125 0.6402108828124999 0.973314403125
0 0.50689973125 0.3977493125 0.4725304078125 0.3773916640625 0.4079578265625 0.379242396875 0.36744789375 0.3939814828125 0.395459934375 0.41440549375 0.45274208906249996 0.418106890625 0.50689973125 0.3977493125
0 0.306932965625 0.2885584875 0.28411455937499996 0.2990740765625 0.317347903125 0.3126174625 0.348592715625 0.29781194375000003 0.306932965625 0.2885584875
0 0.40587487031249997 0.3255723171875 0.364215121875 0.3385271703125 0.34661455937499996 0.33379629843749997 0.3840034390625 0.35333268906250004 0.42358023281249996 0.33482577343750003 0.40587487031249997 0.3255723171875
0 0.6131320625 0.2200828890625 0.586053240625 0.20897873125 0.52369789375 0.21111111249999998 0.5214806609375 0.21453082812500002 0.57667978125 0.22563494843749998 0.6131320625 0.2200828890625
0 0.622505521875 0.3403778328125 0.591260709375 0.34222856875 0.622505521875 0.35333268906250004 0.653750334375 0.3496312921875 0.622505521875 0.3403778328125
0 0.6266715921875 0.3052147390625 0.5927083093750001 0.31296296562500003 0.6693727390624999 0.3329751109375 0.6641652703125 0.3126174625 0.6266715921875 0.3052147390625
0 0.662082315625 0.28300642656249997 0.6278645593750001 0.2898148171875 0.677704721875 0.3052147390625 0.6995761546875 0.29596128125 0.662082315625 0.28300642656249997
0 0.7610242203124999 0.3329751109375 0.724218725 0.34305555625 0.7818540953124999 0.35518335156249997 0.787061565625 0.34407923125 0.7610242203124999 0.3329751109375
0 0.8953768500000001 0.49213454843750004 0.870052059375 0.5027777796875 0.8891279828125 0.5198949203125001 0.9099578578124999 0.5143428609375 0.8953768500000001 0.49213454843750004
0 1 0.529148378125 0.9820312250000001 0.5444444453124999 1 0.57171426875 1 0.529148378125