0 0.10696611874999999 0.7142176671875 0.13404494218750002 0.7826931234375001 0.18924414218750002 0.762335475 0.196534565625 0.708665465625 0.225696421875 0.7345751046875 0.30797444375 0.6994120078125 0.275688153125 0.6512939875 0.303808453125 0.608728096875 0.246526296875 0.6068774343750001 0.21424000781250002 0.599474640625 0.1954930875 0.580967725 0.12883747343750002 0.608728096875 0.09238519218749999 0.6401900078125 0.05494789375 0.6879629656249999 0.0476010078125 0.7364258375 0.08821928125 0.7419780390625 0.10696611874999999 0.7142176671875
0 0.16216531875 0.99922396875 0.296518028125 1 0.32984579687500004 0.9788663921874999 0.34963419375 0.9159428546875 0.303808453125 0.88448115625 0.26839765 0.9048387328124999 0.24027735 0.8715263703125 0.173621734375 0.9066893953124999 0.14739580937500002 0.9611111125 0.14966734843750001 0.9418525624999999 0.14445987968750001 0.9770157296875001 0.16216531875 0.99922396875
0 0.7474847703124999 0.7401272343749999 0.6641652703125 0.730873778125 0.6110491062500001 0.72902304375 0.654791890625 0.7734396671875 0.748526328125 0.7734396671875 0.7474847703124999 0.7401272343749999
0 0.547518003125 0.5124921265625 0.5152317140625 0.49953734375 0.49765622499999995 0.5143518546875 0.532937075 0.547655434375 0.5496009609375 0.5309990421874999 0.547518003125 0.5124921265625
0 0.5058582546875 0.449568659375 0.4871113359375 0.427360346875 0.40899930468749995 0.427360346875 0.3840034390625 0.45512071875000004 0.40587487031249997 0.4625235140625 0.4902358484375 0.4625235140625 0.5058582546875 0.449568659375
0 0.40587487031249997 0.418106890625 0.4131652953125 0.3977493125 0.3871279515625 0.3773916640625 0.3204723359375 0.3810930609375 0.28932289375 0.40555555625000006 0.306932965625 0.419957553125 0.35484166093749997 0.41625622656249994 0.40587487031249997 0.418106890625
0 0.48606985781249995 0.31446819531250003 0.4183727640625 0.3052147390625 0.3840034390625 0.3163188578125 0.42358023281249996 0.3329751109375 0.4756549203125 0.3292737140625 0.48606985781249995 0.31446819531250003
0 0.0673894046875 0.2922598828125 0.014273160937500001 0.3015133421875 0.0351030359375 0.31446819531250003 0.00807289375 0.32916666875 0.0705138390625 0.3163188578125 0.0642648921875 0.3033640046875 0.0673894046875 0.2922598828125
0 0.32984579687500004 0.2552460546875 0.31145830937499996 0.2689814828125 0.35692461875000003 0.27375296875 0.37150554687500004 0.2589474515625 0.32984579687500004 0.2552460546875
0 0.846426675 0.44401659843749997 0.8953768500000001 0.4828810921875 0.8995429203124999 0.5124921265625 0.923497309375 0.52544698125 0.9651570578124999 0.560610146875 1 0.5661623484375 0.99744326875 0.451419321875 0.943285625 0.43846446875 0.887045028125 0.40330137187500004 0.8049478921875 0.3986111125 0.798518059375 0.40330137187500004 0.8474682328125 0.425509684375 0.846426675 0.44401659843749997
0 0.5693893578125 0.1978746109375 0.513281225 0.20185185468750003 0.5641818890625 0.218232190625 0.5923021875 0.21453082812500002 0.5693893578125 0.1978746109375
0 0.5770833093750001 0.27129629843749997 0.6266715921875 0.284857090625 0.6048001609375 0.270051571875 0.5770833093750001 0.27129629843749997
0 0.6235470796875 0.2533953203125 0.59401039375 0.257407409375 0.6204225671875 0.270051571875 0.6506258218750001 0.262648778125 0.6235470796875 0.2533953203125
0 0.66432289375 0.2851851875 0.7058250203124999 0.29596128125 0.6943686859375 0.284857090625 0.66432289375 0.2851851875
0 0.395459934375 0.28115569375 0.37005205937499996 0.27824074374999996 0.4162898078125 0.294110546875 0.4225387546875 0.28115569375 0.395459934375 0.28115569375