0 0.0819702546875 1 0.3454682015625 0.99552264375 0.43191221406249997 0.98811985 0.42670474687500004 0.9585088140625 0.4392026390625 0.9048387328124999 0.38192048437500004 0.8715263703125 0.32151381562500003 0.864123578125 0.2704806859375 0.8696755671874999 0.21840599843750003 0.88818248125 0.16945574531250002 0.8826304921875 0.10904915468750001 0.9011374062499999 0.055932910937500004 0.9233456484375001 0.002864559375 0.9750000015625 0 1 0.0819702546875 1
0 0.41733128593749996 0.5920719171875 0.42358023281249996 0.6068774343750001 0.4933602828125 0.6050267 0.4954433171875 0.5772663984374999 0.53502003125 0.5902211828125 0.55376695 0.5384019765625 0.5308541203125 0.5180442578125 0.46315702812500004 0.50138800625 0.42774622500000004 0.521745584375 0.3871279515625 0.5106414640625 0.32708330937499996 0.5467592609375 0.369422590625 0.57541580625 0.3840034390625 0.5939227203125 0.41733128593749996 0.5920719171875
0 0.4204557203125 0.43846446875 0.4246217109375 0.418106890625 0.3944183765625 0.40700276874999997 0.374630059375 0.42921101093749997 0.343385246875 0.43106174375000006 0.3308872734375 0.42365895 0.30885414375 0.43564815 0.343385246875 0.449568659375 0.3808790046875 0.45327005624999994 0.4204557203125 0.43846446875
0 0.3340117875 0.369988940625 0.32359685 0.36073548125 0.267356171875 0.35703408593749997 0.2371528375 0.375541 0.2506922875 0.3829437234375 0.29755950625 0.3866451203125 0.3340117875 0.369988940625
0 0.7027005078124999 0.42365895 0.66041664375 0.426388890625 0.712074046875 0.45512071875000004 0.756858309375 0.43846446875 0.7027005078124999 0.42365895
0 0.8922524953125001 0.42921101093749997 0.8374999750000001 0.437962965625 0.91412376875 0.4643741765625 0.9359952015624999 0.449568659375 0.8922524953125001 0.42921101093749997
0 0.7412359046875 0.3829437234375 0.691244171875 0.369988940625 0.6669270593750001 0.38703703906250003 0.7360284359375 0.40885343125 0.751650840625 0.399599975 0.7412359046875 0.3829437234375
0 0.7703976015625 0.35333268906250004 0.777688184375 0.34592989375 0.712074046875 0.32002025624999997 0.677343725 0.3314814828125 0.6849951453124999 0.34592989375 0.712074046875 0.35703408593749997 0.7703976015625 0.35333268906250004
0 0.5943852234375 0.25154465625 0.641252440625 0.2422912 0.6318790609375 0.22748568125 0.5579329421875 0.218232190625 0.5193976265625 0.22563494843749998 0.5516839953125 0.2422912 0.5881362765625 0.23303774375000003 0.5943852234375 0.25154465625
0 0.6902026140624999 0.27375296875 0.64869789375 0.2736111125 0.653750334375 0.27560363125 0.7214474281250001 0.2922598828125 0.6902026140624999 0.27375296875
0 0.6402108828124999 0.6438912640625001 0.60182289375 0.6555555562500001 0.639169484375 0.6735022984375 0.6714556968750001 0.6679503812500001 0.6402108828124999 0.6438912640625001
0 0.5339785546875 0.17566637031250001 0.4954433171875 0.179367696875 0.5360615890625 0.18677045625 0.5610573750000001 0.1830690578125 0.5339785546875 0.17566637031250001
0 0.4194142421875 0.22378428437500003 0.39869789375 0.2365740765625 0.42149727812500004 0.238589803125 0.4558665234375 0.23303774375000003 0.4194142421875 0.22378428437500003