0 0.33921925625 0.399599975 0.3829619609375 0.38849585468750003 0.35692461875000003 0.37183960312500003 0.32880431875 0.379242396875 0.31529350312500004 0.3836568046875 0.33921925625 0.399599975
0 0.4996093078125 0.3385271703125 0.45899103593749996 0.3126174625 0.3933768984375 0.3107667984375 0.37135414375 0.3222222234375 0.3985843671875 0.3366764375 0.44753462187500004 0.34222856875 0.4996093078125 0.3385271703125
0 0.7349868765625 0.31446819531250003 0.803725528125 0.32187091875 0.7995594578125 0.3107667984375 0.7610242203124999 0.2885584875 0.6870781015625 0.2774543671875 0.612090584375 0.2644995125 0.5927083093750001 0.29212963125 0.6527089359375 0.31816952187499997 0.724571940625 0.3274229796875 0.7349868765625 0.31446819531250003
0 0.9703645265624999 0.44586726250000003 0.940364559375 0.44953703906250003 0.99744326875 0.47732903125000004 0.99744326875 0.44586726250000003 0.9703645265624999 0.44586726250000003
0 0.7360284359375 0.547655434375 0.689161215625 0.5384019765625 0.65651039375 0.5490740765625 0.683953746875 0.5624608109375 0.7193644703125 0.560610146875 0.7360284359375 0.547655434375
0 0.586053240625 0.3773916640625 0.570430834375 0.3644368078125 0.54322914375 0.37546296562500003 0.5433520140625 0.3810930609375 0.5673064015625 0.38849585468750003 0.586053240625 0.3773916640625
0 0.56626484375 0.179367696875 0.5141901578125 0.18491982812500002 0.57667978125 0.20712806874999998 0.5985512125 0.2052773703125 0.56626484375 0.179367696875
0 0.0423935390625 0.27560363125 0.038020809375 0.2967592609375 0.0767627859375 0.2867078234375 0.08821928125 0.2644995125 0.0725968734375 0.262648778125 0.0423935390625 0.27560363125
0 0.1517503828125 0.2441418640625 0.1257130390625 0.22563494843749998 0.091406225 0.25509259375000004 0.0996756953125 0.271902234375 0.11738105624999999 0.25709671875 0.1517503828125 0.2441418640625
0 0.6048001609375 0.65684611875 0.574596825 0.6401900078125 0.528906225 0.6740740765625 0.5641818890625 0.695710753125 0.60375868125 0.68275575625 0.6048001609375 0.65684611875
0 0.513281225 0.3314814828125 0.53502003125 0.3385271703125 0.5412690578125 0.3274229796875 0.513281225 0.3314814828125