0 0.13925241093750002 0.8345125421875 0.1611238421875 0.88448115625 0.16945574531250002 0.9418525624999999 0.219447475 0.9159428546875 0.241318828125 0.9363005734375 0.312140434375 0.90298806875 0.327762840625 0.878929025 0.31109887812500003 0.8474673265625 0.3131819125 0.790095846875 0.32567980625000004 0.77529033125 0.2746465953125 0.7327245812500001 0.23463539375 0.7319444453124999 0.1663313109375 0.7549327531250001 0.160082284375 0.7808423906249999 0.17466321406250002 0.816005628125 0.13925241093750002 0.8345125421875
0 0.1986176 0.5569088921875001 0.32567980625000004 0.5458046296875 0.3933768984375 0.5124921265625 0.36733955625000003 0.50323866875 0.219447475 0.4958359453125 0.19028561875 0.4569713828125 0.11217358749999999 0.4699262375 0.0819702546875 0.4717769703125 0.0340615578125 0.497686609375 0.055932910937500004 0.5384019765625 0.11738105624999999 0.547655434375 0.1986176 0.5569088921875001
0 0.12916664375 0.595370371875 0.0913437140625 0.5902211828125 0.0653063703125 0.623533615625 0.0809287765625 0.6457419265625 0.12916664375 0.595370371875
0 0.7110324890624999 0.44586726250000003 0.693327128125 0.42365895 0.646093725 0.433333334375 0.6464599093750001 0.4569713828125 0.6943686859375 0.4625235140625 0.7110324890624999 0.44586726250000003
0 0.714157003125 0.3810930609375 0.62526039375 0.37777777968750004 0.6443769546875 0.3977493125 0.683953746875 0.399599975 0.714157003125 0.3810930609375
0 0.51979164375 0.34074074374999996 0.5506424375 0.3588847484375 0.560015896875 0.347780628125 0.51979164375 0.34074074374999996
0 0.232986846875 0.3866451203125 0.230903890625 0.3736902671875 0.18507815 0.36628754375 0.14966734843750001 0.3773916640625 0.14348955937500002 0.40555555625000006 0.19341013125 0.40700276874999997 0.244443340625 0.399599975 0.232986846875 0.3866451203125
0 0.169531225 0.27129629843749997 0.196534565625 0.28115569375 0.202783590625 0.2552460546875 0.169531225 0.27129629843749997
0 0.306932965625 0.294110546875 0.248609253125 0.32187091875 0.33192875312500003 0.3292737140625 0.3527586265625 0.3126174625 0.306932965625 0.294110546875
0 0.36733955625000003 0.266350175 0.306932965625 0.27560363125 0.385044996875 0.2885584875 0.39233542187500003 0.27930502968750004 0.36733955625000003 0.266350175
0 0.3100573984375 0.23488840625 0.28411455937499996 0.24814815 0.29026900312500004 0.25154465625 0.3163063453125 0.25154465625 0.3100573984375 0.23488840625
0 0.5848958093750001 0.220370371875 0.6287545484375 0.2200828890625 0.5850117640625 0.20342674375 0.5848958093750001 0.220370371875
0 0.6475014671875 0.553207353125 0.6122395593750001 0.551388890625 0.60792459375 0.5772663984374999 0.6381279281250001 0.5865197859375 0.6475014671875 0.553207353125
0 0.793310590625 0.33482577343750003 0.7703976015625 0.3126174625 0.6902026140624999 0.29040915 0.61354164375 0.2944444453125 0.675621765625 0.3329751109375 0.7360284359375 0.3496312921875 0.793310590625 0.33482577343750003
0 0.64869789375 0.27129629843749997 0.704783621875 0.284857090625 0.6849951453124999 0.27375296875 0.64869789375 0.27129629843749997