0 0.6464599093750001 0.5939227203125 0.6381279281250001 0.5772663984374999 0.589177753125 0.560610146875 0.5770833093750001 0.59074074375 0.5902192328125 0.63093655 0.633962015625 0.63648846875 0.674580209375 0.6198322890625 0.6464599093750001 0.5939227203125
0 0.999526225 0.803050703125 0.998484825 0.6994120078125 0.9443271828125 0.68645729375 0.9047503890625 0.695710753125 0.87246401875 0.6586969218750001 0.78932289375 0.66712963125 0.803725528125 0.7197695859375 0.8610076828125001 0.7438285609374999 0.9037088328125 0.7974987828125 0.999526225 0.803050703125
0 0.745401815625 0.43846446875 0.7558167515624999 0.46622484062499997 0.782895653125 0.46807557343750006 0.8547586578124999 0.5161935234375 0.9016258765625 0.529148378125 0.9672400140624999 0.5402525687499999 0.998484825 0.521745584375 0.9964018703124999 0.44771792499999996 0.96932296875 0.43291240625 0.8485096328124999 0.3977493125 0.81726481875 0.3829437234375 0.674580209375 0.3625861453125 0.6495844234375 0.38849585468750003 0.6849951453124999 0.40330137187500004 0.689161215625 0.40330137187500004 0.7193644703125 0.43291240625 0.745401815625 0.43846446875
0 0.782895653125 0.347780628125 0.7333333093750001 0.3500000015625 0.743318859375 0.35518335156249997 0.8183063765625 0.36813820625 0.782895653125 0.347780628125
0 0.6870781015625 0.2589474515625 0.6318790609375 0.23118707968750002 0.603124975 0.2273148171875 0.615215096875 0.24969399375 0.6370865296875 0.2644995125 0.6870781015625 0.2589474515625
0 0.55885414375 0.38703703906250003 0.6058416375 0.3829437234375 0.5693893578125 0.36628754375 0.55885414375 0.38703703906250003
0 0.5419270593750001 0.3476851875 0.5777213375 0.35148202500000003 0.5693893578125 0.3385271703125 0.5419270593750001 0.3476851875
0 0.41953122499999995 0.3222222234375 0.4756549203125 0.3255723171875 0.4662814609375 0.3107667984375 0.41953122499999995 0.3222222234375
0 0.280895621875 0.40330137187500004 0.348592715625 0.40330137187500004 0.3423436890625 0.375541 0.286103090625 0.3644368078125 0.247567775 0.379242396875 0.22291664375 0.3685185203125 0.213198528125 0.3977493125 0.234028403125 0.4051520359375 0.280895621875 0.40330137187500004
0 0.29026900312500004 0.50138800625 0.286103090625 0.48103042812499996 0.22882093593750003 0.451419321875 0.22153043125 0.425509684375 0.13821093125 0.42365895 0.07708330937499999 0.4773148171875 0.12883747343750002 0.5161935234375 0.22777937812500001 0.5124921265625 0.29026900312500004 0.50138800625
0 0.0054687265625 0.37314815 0 0.42365895 0.055932910937500004 0.369988940625 0.0403105046875 0.3644368078125 0.0054687265625 0.37314815
0 0.32151381562500003 0.32002025624999997 0.3517171484375 0.29596128125 0.30484993125000004 0.294110546875 0.26631469375 0.3163188578125 0.238194315625 0.29040915 0.21510414375 0.31064815 0.22777937812500001 0.33482577343750003 0.27672963125 0.3163188578125 0.32151381562500003 0.32002025624999997
0 0.192368653125 0.56986360625 0.13567705937500002 0.5814814828125 0.232986846875 0.6142801578125 0.2579827125 0.5920719171875 0.192368653125 0.56986360625
0 0.41212381875000004 0.5865197859375 0.36733955625000003 0.6253843484375 0.42358023281249996 0.6401900078125 0.45065905468749995 0.608728096875 0.41212381875000004 0.5865197859375
0 0.26319018125000004 0.270051571875 0.21111549375 0.2682009078125 0.173437475 0.275925928125 0.201742034375 0.2885584875 0.22777937812500001 0.284857090625 0.26319018125000004 0.270051571875
0 0.37567153750000004 0.2422912 0.33880205937499996 0.257407409375 0.3892109078125 0.270051571875 0.4204557203125 0.262648778125 0.37567153750000004 0.2422912
0 0.8755885328125 0.558759484375 0.786718725 0.5398148171875 0.8339287828125 0.5865197859375 0.8849619125 0.582818459375 0.8755885328125 0.558759484375